Polygon:
0 (240,100)
1 (240,210)
2 (270,210)
3 (270,180)
4 (300,180)
5 (300,210)
6 (330,210)
7 (330,260)
8 (280,260)
9 (280,280)
10 (360,280)
11 (360,230)
12 (390,230)
13 (390,280)
14 (460,280)
15 (460,320)
16 (360,320)
17 (360,350)
18 (470,350)
19 (470,300)
20 (530,300)
21 (530,350)
22 (570,350)
23 (570,220)
24 (490,220)
25 (490,240)
26 (540,240)
27 (540,250)
28 (470,250)
29 (470,160)
30 (560,160)
31 (560,180)
32 (490,180)
33 (490,200)
34 (590,200)
35 (590,100)
36 (490,100)
37 (490,130)
38 (510,130)
39 (510,110)
40 (530,110)
41 (530,140)
42 (390,140)
43 (390,180)
44 (430,180)
45 (430,240)
46 (440,240)
47 (440,180)
48 (450,180)
49 (450,260)
50 (400,260)
51 (400,190)
52 (320,190)
53 (320,100)
